#R

WORKUNITID <- 123456
